(level) (height) (width) (strength) (specialItem) (character)
character:  1: salman
            2: gura
            3: stacy
            4: teacher
            5: worker
            6: dreamedGura
            7: dreamedTeacher

1-1
Level
1 8 8 12 1 1
{
    1,1,1,1,1,1,1,1
    1,0,0,0,0,4,9,1
    1,0,4,4,4,0,0,1
    1,4,4,0,0,4,0,1
    1,0,0,0,4,5,4,1
    1,0,4,4,0,4,0,1
    1,10,0,0,0,0,0,1
    1,1,1,1,1,1,1,1
}
============================
1-2
Level
2 8 8 12 0 2
{
    1,1,1,1,1,1,1,1
    1,4,0,0,0,4,9,1
    1,4,0,4,0,0,0,1
    1,0,4,0,4,4,4,1
    1,0,0,4,4,0,0,1
    1,0,0,0,0,4,0,1
    1,10,0,0,0,0,4,1
    1,1,1,1,1,1,1,1   
}
============================
1-3
Level
3 8 8 13 0 4
{
    1,1,1,1,1,1,1,1
    1,4,0,0,4,0,9,1
    1,0,0,4,4,0,4,1
    1,0,4,0,4,0,0,1
    1,4,0,4,4,0,4,1
    1,0,0,4,4,0,0,1
    1,10,0,4,0,0,4,1
    1,1,1,1,1,1,1,1
}
============================
1-4
Level
4 8 8 12 0 1
{
    1,1,1,1,1,1,1,1
    1,0,0,0,0,0,9,1
    1,0,4,0,0,4,0,1
    1,4,0,4,0,0,0,1
    1,4,0,0,4,4,0,1
    1,0,4,0,4,0,0,1
    1,10,4,0,0,0,4,1
    1,1,1,1,1,1,1,1
}
============================
1-5
Level
5 8 8 13 0 2
{
    1,1,1,1,1,1,1,1
    1,0,0,0,4,0,9,1
    1,4,0,4,0,4,0,1
    1,0,4,0,4,0,0,1
    1,0,0,4,4,0,0,1
    1,0,0,0,0,4,4,1
    1,10,4,4,0,0,4,1
    1,1,1,1,1,1,1,1
}
============================
1-6
Level
6 8 8 13 0 4
{
    1,1,1,1,1,1,1,1
    1,4,0,4,4,0,9,1
    1,0,4,0,0,4,0,1
    1,4,0,4,4,0,4,1
    1,4,0,4,4,0,4,1
    1,0,4,0,0,4,0,1
    1,10,0,4,4,0,4,1
    1,1,1,1,1,1,1,1
}
============================
1-7
Level
7 8 8 24 1 1
{
    1,1,1,1,1,1,1,1
    1,5,4,4,0,0,9,1
    1,0,0,0,0,4,0,1
    1,4,4,4,0,4,0,1
    1,4,0,4,4,4,0,1
    1,0,4,0,0,4,4,1
    1,10,4,0,4,0,0,1
    1,1,1,1,1,1,1,1
}
============================
1-8
Level
8 8 8 15 0 2
{
    1,1,1,1,1,1,1,1
    1,0,4,0,4,0,9,1
    1,4,0,0,0,0,0,1
    1,4,0,4,4,4,4,1
    1,0,4,4,4,0,0,1
    1,4,0,4,0,4,0,1
    1,10,0,4,0,0,4,1
    1,1,1,1,1,1,1,1
}
============================
1-9
Level
9 8 8 22 1 4
{
    1,1,1,1,1,1,1,1
    1,0,0,4,4,0,9,1
    1,5,0,4,4,0,0,1
    1,4,0,4,0,4,0,1
    1,0,4,4,0,0,4,1
    1,0,0,0,4,4,0,1
    1,10,4,4,0,0,0,1
    1,1,1,1,1,1,1,1
}
============================
1-10
Level
10 8 8 17 1 1
{
    1,1,1,1,1,1,1,1
    1,0,0,0,4,4,9,1
    1,5,4,0,0,4,0,1
    1,4,0,0,0,0,0,1
    1,0,0,0,4,0,0,1
    1,4,4,0,0,4,4,1
    1,10,0,4,0,0,0,1
    1,1,1,1,1,1,1,1
}
============================
1-11
Level
11 8 8 16 1 2
{
    1,1,1,1,1,1,1,1
    1,4,0,4,0,0,9,1
    1,0,4,0,4,0,0,1
    1,0,0,0,0,0,4,1
    1,4,0,4,4,0,0,1
    1,0,4,4,0,0,0,1
    1,10,0,4,4,5,0,1
    1,1,1,1,1,1,1,1
}
============================
1-12
Level
12 9 11 21 0 4
{
    1,1,1,1,1,1,1,1,1,1,1
    1,1,1,1,1,1,1,0,0,0,1
    1,0,1,1,4,1,1,4,0,4,1
    1,10,4,1,0,4,0,0,4,0,1
    1,4,0,1,0,4,0,4,0,0,1
    1,0,4,1,4,0,0,4,1,9,1
    1,4,0,0,0,4,4,1,1,4,1
    1,4,0,0,4,4,1,1,1,1,1
    1,1,1,1,1,1,1,1,1,1,1
}
============================
2-1
Level
13 10 12 16 0 1
{
    1,1,1,1,1,1,1,1,1,1,1,1
    1,1,1,1,9,0,0,0,1,1,1,1
    1,1,1,1,4,4,3,0,1,1,1,1
    1,1,1,1,0,0,0,0,1,1,1,1
    1,0,4,0,0,1,1,0,4,1,1,1
    1,0,0,0,0,0,0,0,4,0,0,1
    1,1,0,4,1,0,4,4,0,0,4,1
    1,1,1,0,2,4,0,0,0,1,1,1
    1,1,1,1,10,0,2,4,0,1,1,1
    1,1,1,1,1,1,1,1,1,1,1,1
}
============================
2-2
Level
14 7 7 99 0 2
{
    1,1,1,1,1,1,1
    1,1,1,9,0,0,1
    1,0,0,0,1,1,1
    1,0,0,0,0,0,1
    1,0,0,0,1,1,1
    1,0,0,10,1,1,1
    1,1,1,1,1,1,1
}
============================
2-3
Level
15 7 8 99 0 7
{
    1,1,1,1,1,1,1,1
    1,1,9,0,0,1,1,1
    1,1,0,0,0,1,1,1
    1,0,0,0,0,0,0,1
    1,0,1,0,0,1,1,1
    1,1,1,0,10,1,1,1
    1,1,1,1,1,1,1,1
}
============================
2-4
Level
16 10 12 18 0 1
{
    1,1,1,1,1,1,1,1,1,1,1,1
    1,1,1,1,0,4,0,0,1,1,1,1
    1,1,1,1,0,0,0,4,1,1,1,1
    1,1,1,1,0,4,2,0,1,1,1,1
    1,10,0,0,3,1,1,4,0,1,1,1
    1,0,4,0,4,0,0,0,4,4,0,1
    1,1,0,4,1,4,0,4,0,3,9,1
    1,1,1,0,0,0,4,0,0,1,1,1
    1,1,1,1,0,0,0,0,4,1,1,1
    1,1,1,1,1,1,1,1,1,1,1,1
}
============================
2-5
Level
17 10 12 14 0 2
{
    1,1,1,1,1,1,1,1,1,1,1,1
    1,1,1,1,4,0,0,9,1,1,1,1
    1,1,1,1,2,4,0,4,1,1,1,1
    1,1,1,1,2,0,4,0,1,1,1,1
    1,4,0,4,0,1,1,2,4,1,1,1
    1,0,4,4,0,0,4,0,0,0,4,1
    1,1,0,0,1,0,0,4,0,4,0,1
    1,1,1,4,4,2,4,2,0,1,1,1
    1,1,1,1,10,0,4,0,0,1,1,1
    1,1,1,1,1,1,1,1,1,1,1,1
}
============================
2-6
Level
18 8 11 17 0 4
{
    1,1,1,1,1,1,1,1,1,1,1
    1,0,4,2,2,4,4,2,4,1,1
    1,4,0,2,2,4,2,2,4,1,1
    1,4,9,4,2,0,0,4,4,10,1
    1,0,2,3,4,4,0,0,4,0,1
    1,1,3,2,4,0,0,4,4,0,1
    1,1,1,3,2,0,0,4,0,0,1
    1,1,1,1,1,1,1,1,1,1,1
}
============================
2-7
Level
19 10 12 15 0 1
{
    1,1,1,1,1,1,1,1,1,1,1,1
    1,1,1,1,10,4,0,0,1,1,1,1
    1,1,1,1,0,0,0,0,1,1,1,1
    1,1,1,1,0,0,4,4,1,1,1,1
    1,0,4,0,3,1,1,0,0,1,1,1
    1,4,0,4,0,4,4,0,4,2,0,1
    1,1,0,0,1,3,4,0,0,0,4,1
    1,1,1,0,4,0,0,0,0,1,1,1
    1,1,1,1,0,0,4,0,9,1,1,1
    1,1,1,1,1,1,1,1,1,1,1,1
}
============================
2-8
Level
20 10 12 21 0 2
{
    1,1,1,1,1,1,1,1,1,1,1,1
    1,1,1,1,0,0,0,0,1,1,1,1
    1,1,1,1,0,4,0,2,1,1,1,1
    1,1,1,1,4,2,4,0,1,1,1,1
    1,10,0,0,0,1,1,4,0,1,1,1
    1,0,4,0,4,2,2,0,4,0,0,1
    1,1,0,4,1,4,4,0,2,0,9,1
    1,1,1,0,0,2,0,4,0,1,1,1
    1,1,1,1,4,0,2,0,4,1,1,1
    1,1,1,1,1,1,1,1,1,1,1,1
}
============================
2-9
Level
21 7 12 17 0 4
{
    1,1,1,1,1,1,1,1,1,1,1,1
    1,1,1,0,0,0,4,4,1,1,1,1
    1,4,9,4,0,4,0,0,4,4,1,1
    1,0,0,0,4,0,4,0,1,0,1,1
    1,4,4,2,2,4,0,0,4,4,4,1
    1,1,1,1,4,1,1,4,4,10,4,1
    1,1,1,1,1,1,1,1,1,1,1,1
}
============================
3-1
Level
22 7 8 99 0 7
{
    1,1,1,1,9,1,1,1
    1,1,0,0,0,1,1,1
    1,1,0,0,0,1,1,1
    1,0,0,0,0,0,0,1
    1,0,1,0,0,1,1,1
    1,1,1,0,10,1,1,1
    1,1,1,1,1,1,1,1
}
============================
3-2
Level
23 10 14 21 0 5
{
    1,1,1,1,1,1,1,1,1,1,1,1,1,1
    1,1,1,1,1,1,1,1,0,4,9,1,1,1
    1,1,4,1,0,4,1,4,0,0,4,0,1,1
    1,1,0,0,1,0,4,0,4,1,4,0,1,1
    1,1,1,0,0,0,0,0,0,4,1,0,1,1
    1,1,4,0,4,0,1,0,0,0,0,0,4,1
    1,0,0,4,1,0,0,4,0,0,0,1,1,1
    1,10,0,0,1,1,1,4,0,1,1,1,1,1
    1,1,0,0,1,1,1,0,0,1,4,0,0,1
    1,1,1,1,1,1,1,1,1,1,1,1,1,1
}
============================
3-3
Level
24 10 15 18 0 3 
{
    1,1,1,1,1,1,1,1,1,1,1,1,1,1,1
    1,1,10,0,4,0,0,2,0,4,0,4,0,1,1
    1,1,0,4,0,4,0,0,0,0,4,0,0,1,1
    1,0,4,3,0,0,1,1,1,4,0,0,0,4,1
    1,0,0,0,4,0,0,1,0,0,4,0,0,0,1
    1,0,0,0,0,4,1,1,1,0,0,0,4,0,1
    1,1,1,1,0,0,4,0,0,4,0,1,1,1,1
    1,1,1,1,4,0,0,4,0,0,0,1,1,1,1
    1,1,1,1,0,0,4,0,0,0,9,1,1,1,1
    1,1,1,1,1,1,1,1,1,1,1,1,1,1,1
}
============================
3-4
Level
25 3 9 8 0 4
{
    1,1,1,1,1,1,1,9,1
    1,0,0,0,0,0,0,0,1
    1,10,1,1,1,1,1,1,1
}
============================
3-5
Level
26 5 12 99 1 5
{
    1,1,1,1,1,1,1,1,1,1,1,1
    1,5,0,5,0,5,5,0,5,0,5,1
    1,0,0,0,0,0,0,0,0,0,0,1
    1,0,0,0,0,0,10,0,0,0,0,1
    1,1,1,1,1,1,1,1,1,1,1,1
}
============================
3-6
Level
27 10 15 18 0 3
{
    1,1,1,1,1,1,1,1,1,1,1,1,1,1,1
    1,1,0,0,4,0,4,0,0,0,4,0,9,1,1
    1,1,0,4,0,4,0,0,4,0,0,0,0,1,1
    1,4,0,0,0,0,1,1,1,0,0,0,0,0,1
    1,0,0,0,4,0,1,1,1,4,0,4,0,4,1
    1,10,4,0,0,0,1,1,1,0,4,0,0,4,1
    1,1,1,1,0,0,4,2,0,4,0,1,1,1,1
    1,1,1,1,4,0,4,0,4,0,0,1,1,1,1
    1,1,1,1,4,0,0,0,4,0,0,1,1,1,1
    1,1,1,1,1,1,1,1,1,1,1,1,1,1,1
}
============================
3-7
Level
28 8 12 24 0 4
{
    1,1,1,1,1,1,1,1,1,1,1,1
    1,1,0,4,0,0,1,0,4,0,9,1
    1,1,1,4,4,0,1,1,4,4,0,1
    1,0,10,1,0,2,0,0,4,0,0,1
    1,2,0,1,1,0,2,1,4,4,0,1
    1,1,2,4,0,0,2,1,1,1,0,1
    1,1,1,4,0,0,4,4,0,1,1,1
    1,1,1,1,1,1,1,1,1,1,1,1
}
============================
3-8
Level
29 8 10 15 0 5
{
    1,1,1,1,1,1,1,1,1,1
    1,4,0,4,1,2,0,0,9,1
    1,0,0,2,2,0,1,2,2,1
    1,4,1,0,4,0,4,4,2,1
    1,0,2,4,0,2,0,2,0,1
    1,2,0,0,1,1,4,0,0,1
    1,10,4,0,4,0,0,4,1,1
    1,1,1,1,1,1,1,1,1,1
}
============================
3-9
Level
30 10 15 17 0 3
{
    1,1,1,1,1,1,1,1,1,1,1,1,1,1,1
    1,1,4,0,0,0,0,0,0,4,4,0,9,1,1
    1,1,0,4,0,0,0,4,0,0,0,0,0,1,1
    1,0,0,0,0,0,1,1,1,4,0,4,0,0,1
    1,4,0,0,4,0,0,1,0,4,0,0,4,0,1
    1,0,0,4,0,4,1,1,1,0,4,0,0,4,1
    1,1,1,1,0,0,0,0,0,4,0,1,1,1,1
    1,1,1,1,4,0,4,0,0,0,0,1,1,1,1
    1,1,1,1,10,0,0,4,0,4,0,1,1,1,1
    1,1,1,1,1,1,1,1,1,1,1,1,1,1,1
}
============================
3-10
Level
31 7 10 15 0 4
{
    1,1,1,1,1,1,1,1,1,1
    1,1,1,1,4,4,1,0,1,1
    1,2,2,2,0,4,0,0,1,1
    1,2,4,1,1,4,0,4,4,1
    1,0,1,0,4,4,0,0,0,1
    1,10,1,4,0,0,9,1,4,1
    1,1,1,1,1,1,1,1,1,1
}
============================
3-11
Level
32 7 10 99 0 5
{
    1,1,1,1,1,1,1,1,1,1
    1,0,0,0,1,1,0,0,1,1
    1,0,0,0,0,0,0,0,0,1
    1,10,0,0,0,0,0,0,9,1
    1,0,0,0,1,1,0,0,0,1
    1,0,0,0,1,1,0,0,0,1
    1,1,1,1,1,1,1,1,1,1
}
============================
3-12
Level
33 10 15 17 0 3
{
    1,1,1,1,1,1,1,1,1,1,1,1,1,1,1
    1,1,10,0,0,0,0,4,0,4,0,0,4,1,1
    1,1,0,4,0,4,0,0,0,4,0,4,0,1,1
    1,0,0,4,2,0,1,1,1,0,4,0,4,0,1
    1,4,4,0,0,0,0,1,0,4,0,0,0,0,1
    1,0,0,0,4,0,1,1,1,0,0,0,4,9,1
    1,1,1,1,0,4,0,0,0,4,0,1,1,1,1
    1,1,1,1,4,0,0,4,0,0,4,1,1,1,1
    1,1,1,1,0,0,4,0,0,4,0,1,1,1,1
    1,1,1,1,1,1,1,1,1,1,1,1,1,1,1
}
============================
3-13
Level
34 9 11 99 0 4
{
    1,1,1,1,1,1,1,1,1,1,1
    1,0,1,1,1,1,1,1,1,1,1
    1,0,0,0,1,1,1,1,1,1,1
    1,0,0,0,0,0,0,1,1,1,1
    1,10,0,0,0,0,0,0,0,9,1
    1,0,0,0,0,0,0,0,1,1,1
    1,0,0,0,1,1,1,1,1,1,1
    1,0,1,1,1,1,1,1,1,1,1
    1,1,1,1,1,1,1,1,1,1,1
}
============================
3-14
Level
35 8 10 26 1 5
{
    1,1,1,1,1,1,1,1,1,1
    1,0,4,0,4,0,0,9,0,1
    1,0,5,5,4,0,0,0,4,1
    1,4,0,4,4,4,1,0,4,1
    1,0,4,0,4,0,0,0,0,1
    1,0,0,0,0,4,5,0,0,1
    1,10,0,4,0,0,0,4,0,1
    1,1,1,1,1,1,1,1,1,1
}
============================
3-15
Level
36 10 15 16 0 5
{
    1,1,1,1,1,1,1,1,1,1,1,1,1,1,1
    1,1,10,0,4,0,4,0,0,0,0,4,9,1,1
    1,1,0,0,0,0,0,4,0,0,4,0,0,1,1
    1,0,0,4,0,4,1,1,1,4,0,4,0,0,1
    1,0,4,4,4,0,1,1,1,0,3,0,4,0,1
    1,0,0,0,0,0,1,1,1,0,4,0,4,0,1
    1,1,1,1,4,0,4,0,0,0,0,1,1,1,1
    1,1,1,1,0,0,4,0,0,0,4,1,1,1,1
    1,1,1,1,0,4,0,0,0,4,0,1,1,1,1
    1,1,1,1,1,1,1,1,1,1,1,1,1,1,1
}
============================